EpLenMean,EpRewMean,EpThisIter,EpTrueRewMean,EpisodesSoFar,TimeElapsed,TimestepsSoFar,entloss,entropy,ev_tdlam_before,meankl,optimgain,surrgain
123.2,112.632706,5,-253.5473025380483,5,3.0470995903015137,616,0.0,2.8385472,0.5625357031822205,0.0076019815,0.0028089238,0.0028089238
101.0909090909091,87.25574,6,-178.52562688387636,11,5.39564847946167,1112,0.0,2.8390405,0.8943973109126091,0.007106705,0.004688568,0.004688568
94.05882352941177,77.990906,6,-171.05320881028706,17,8.323142051696777,1599,0.0,2.8446963,0.8010990172624588,0.008616557,0.008180766,0.008180766
91.26086956521739,73.64989,6,-191.39537375983147,23,10.398096084594727,2099,0.0,2.8468575,0.7904391139745712,0.0084839715,0.0018545123,0.0018545123
89.44827586206897,72.2852,6,-209.35134753651712,29,12.416978120803833,2594,0.0,2.846848,0.606548011302948,3.593564e-06,4.9352644e-07,4.9352644e-07
85.80555555555556,68.12834,7,-211.23843542849113,36,14.43004322052002,3089,0.0,2.8469183,0.77425117790699,1.7769337e-06,2.4211406e-07,2.4211406e-07
77.375,58.9635,7,-207.58964482501028,43,16.452602863311768,3547,0.0,2.8468587,0.7855609804391861,7.8560115e-06,1.0306835e-06,1.0306835e-06
76.525,56.40696,6,-235.02104870962506,49,18.524866580963135,4021,0.0,2.8468585,0.8394406586885452,1.5175343e-07,1.2302398e-07,1.2302398e-07
76.05,55.76161,7,-253.20154308316506,56,20.601329565048218,4514,0.0,2.846727,0.8167545348405838,0.008333315,0.0016323578,0.0016323578
73.025,52.22743,7,-265.9498848126144,63,22.706023931503296,5020,0.0,2.8467062,0.8748739808797836,7.987023e-09,3.6597253e-08,3.6597253e-08
73.0,50.413403,6,-277.5151597188339,69,24.88021421432495,5514,0.0,2.846853,0.8495059758424759,8.043468e-06,8.1968307e-07,8.1968307e-07
73.15,48.786976,7,-307.3750732177763,76,26.99429678916931,6015,0.0,2.8459468,0.8801774680614471,8.59499e-07,1.6860962e-06,1.6860962e-06
78.05,52.80237,5,-360.8717568388786,81,29.249209880828857,6517,0.0,2.8456578,0.7916262149810791,7.844031e-06,2.9258729e-06,2.9258729e-06
79.45,52.28169,6,-355.1014306606086,87,31.385636568069458,7023,0.0,2.8456922,0.8894988596439362,0.0075809676,0.0056156525,0.0056156525
78.5,50.72306,7,-405.16267011003885,94,33.561147928237915,7538,0.0,2.8458116,0.9646171666681767,7.271469e-06,2.8714537e-06,2.8714537e-06
81.075,51.718315,6,-455.3865068301655,100,35.66124391555786,8075,0.0,2.8457787,0.9097704067826271,0.00736534,0.0018745663,0.0018745663
81.95,51.411797,6,-506.11085156866864,106,37.90868854522705,8565,0.0,2.8467767,0.9519348777830601,0.0074487366,0.00717485,0.00717485
85.975,53.576378,5,-554.9396407998269,111,40.267720222473145,9086,0.0,2.84677,0.7057071626186371,8.986056e-06,8.188725e-06,8.188725e-06
83.025,52.51409,7,-571.4041482306666,118,42.61897611618042,9568,0.0,2.8467963,0.8211189210414886,0.008293047,0.0012114138,0.0012114138
82.25,50.73066,7,-622.3934507513792,125,44.82100820541382,10096,0.0,2.8466756,0.8746717125177383,2.07901e-06,1.2969971e-06,1.2969971e-06
79.55,47.14206,7,-615.6317400091682,132,47.16381001472473,10593,0.0,2.8467355,0.9773145113140345,7.688105e-06,2.4278163e-06,2.4278163e-06
79.85,46.714294,7,-632.8602514765473,139,49.44645142555237,11125,0.0,2.8465579,0.9880377920344472,0.0078091705,0.0020394786,0.0020394786
80.425,46.35321,4,-600.15469111347,143,51.699339866638184,11582,0.0,2.8461957,0.546488881111145,0.009388138,0.0009481857,0.0009481857
77.975,44.958687,6,-594.9423810946557,149,53.86596965789795,12025,0.0,2.84578,0.9134076237678528,2.0180942e-06,6.067753e-07,6.067753e-07
75.55,40.672997,7,-566.4758429088758,156,56.08552145957947,12463,0.0,2.845179,0.9778352603316307,0.008591152,0.006131935,0.006131935
77.175,41.02243,7,-572.1850823180251,163,58.34500789642334,13007,0.0,2.8400426,0.5739694237709045,2.3217797e-06,4.1007996e-07,4.1007996e-07
74.375,38.594837,8,-542.7597186423034,171,60.603508710861206,13514,0.0,2.8399959,0.9363844618201256,0.0018384897,3.7774444e-06,3.7774444e-06
76.175,38.371468,5,-557.4428887715537,176,62.88617157936096,13913,0.0,2.8396766,0.8912381157279015,0.0033833846,0.007930457,0.007930457
71.825,34.64508,7,-550.3338284639827,183,65.09743142127991,14455,0.0,2.835384,0.8454666286706924,0.00729532,0.0019010014,0.0019010014
72.05,34.95551,7,-558.1689380218567,190,67.31781435012817,14973,0.0,2.8349621,0.9610420428216457,0.0064976583,0.0056180526,0.0056180526
75.45,37.133617,6,-531.9638972788025,196,69.66973543167114,15481,0.0,2.834977,0.8009342104196548,2.2500753e-06,1.3751984e-06,1.3751984e-06
74.975,36.33562,7,-523.2133578873326,203,72.00128269195557,16006,0.0,2.834581,0.8993498384952545,4.5609474e-07,1.8763542e-07,1.8763542e-07
76.75,35.63906,7,-542.4464760168172,210,74.58983945846558,16531,0.0,2.8334603,0.7134931087493896,0.012706501,0.017671293,0.017671293
75.975,35.01587,7,-531.5881529707664,217,77.50546789169312,17019,0.0,2.8334658,0.7199844121932983,0.008059726,0.011693914,0.011693914
75.85,34.519653,6,-551.0710881136982,223,80.49521398544312,17489,0.0,2.8334558,0.9237638413906097,7.71904e-06,4.245043e-07,4.245043e-07
74.625,32.41701,7,-541.0376666286636,230,83.35132026672363,17958,0.0,2.8335013,0.9455298148095608,4.8303605e-07,-4.7683715e-09,-4.7683715e-09
71.225,28.505512,8,-553.6352624132533,238,86.08888554573059,18500,0.0,2.8345654,0.8868014439940453,0.008638558,0.013555556,0.013555556
71.05,29.396667,7,-523.1066213806923,245,88.87998080253601,18990,0.0,2.8345647,0.9443456120789051,2.241254e-06,2.8592348e-07,2.8592348e-07
70.3,29.269028,7,-475.22982779309206,252,92.17609405517578,19479,0.0,2.834535,0.6042100787162781,2.2432207e-06,5.528927e-07,5.528927e-07
70.05,28.484787,7,-454.9331914820465,259,94.76818680763245,19961,0.0,2.8359075,0.8959719762206078,0.007581898,0.006588038,0.006588038
68.85,28.653519,6,-407.6156775460672,265,97.14409470558167,20377,0.0,2.8358972,0.6924639046192169,8.390427e-06,3.1125546e-07,3.1125546e-07
69.075,30.191381,8,-402.27319778528573,273,99.50248169898987,20932,0.0,2.836287,0.942602876573801,2.2601484e-06,1.991272e-06,1.991272e-06
69.15,30.956463,7,-394.7004600066957,280,101.81470847129822,21409,0.0,2.8361986,0.5753462910652161,0.008729995,0.0036382307,0.0036382307
68.625,29.802296,7,-403.4899889892507,287,104.19557929039001,21893,0.0,2.8412328,0.8436755388975143,0.004699987,0.00016886854,0.00016886854
70.3,32.717842,7,-427.4692401923315,294,106.5775318145752,22426,0.0,2.8392584,0.5594695210456848,5.303621e-07,4.1675568e-07,4.1675568e-07
71.375,32.918278,6,-448.21757809767513,300,108.98248744010925,22890,0.0,2.8392084,0.8934092298150063,1.6074777e-06,6.183982e-07,6.183982e-07
71.2,32.281166,7,-449.14222421106695,307,111.33730030059814,23345,0.0,2.8397412,0.7865323573350906,1.4305115e-07,5.4478644e-08,5.4478644e-08
71.725,30.097956,7,-454.1831503074692,314,113.71465730667114,23851,0.0,2.8356178,0.23584020137786865,4.9889087e-07,2.0468235e-07,2.0468235e-07
69.35,28.885538,9,-470.8674399960299,323,116.11477255821228,24411,0.0,2.8355823,0.7630933523178101,1.3792514e-07,1.8501282e-07,1.8501282e-07
71.45,29.69717,6,-490.22396946290576,329,118.54027247428894,24889,0.0,2.833471,0.9325683936476707,0.0011950957,0.0004794452,0.0004794452
73.8,27.875168,7,-498.7909349054664,336,121.11172890663147,25527,0.0,2.8333127,0.939507719129324,0.009954018,0.009446037,0.009446037
70.925,25.604914,8,-499.8028173798589,344,123.4974000453949,26025,0.0,2.833329,0.9116644933819771,0.0049770754,0.00066523266,0.00066523266
70.875,27.681942,7,-481.41220663475485,351,125.92846822738647,26510,0.0,2.8309836,0.8648252785205841,1.834631e-07,6.401539e-08,6.401539e-08
73.125,29.872473,7,-516.8346163478676,358,128.34831404685974,27041,0.0,2.8284357,0.9264796748757362,0.006070868,0.0016306264,0.0016306264
73.775,28.471745,8,-533.3626152369574,366,130.775794506073,27640,0.0,2.8280652,0.9093652218580246,0.0013303852,2.3242474e-05,2.3242474e-05
71.575,26.6211,8,-551.0476687135982,374,133.20837116241455,28228,0.0,2.8280747,0.9342047572135925,0.0033983556,0.002981772,0.002981772
72.05,27.740978,7,-562.3943959570719,381,135.5885124206543,28731,0.0,2.8355966,0.8430385738611221,6.184578e-07,9.250641e-08,9.250641e-08
72.55,28.219105,7,-581.8845727519764,388,138.0337529182434,29195,0.0,2.8355606,0.9122269675135612,3.051758e-08,1.5497207e-08,1.5497207e-08
69.85,27.032312,7,-572.1176993707976,395,140.66440176963806,29627,0.0,2.8356023,0.964450903236866,0.009849943,0.00918417,0.00918417
68.025,24.845766,7,-548.8337056507023,402,143.06152534484863,30096,0.0,2.8355396,0.9406437687575817,1.8433333e-06,2.7557462e-07,2.7557462e-07
67.075,22.52291,7,-556.8294799013322,409,145.38618540763855,30580,0.0,2.833736,0.9289773777127266,0.0056127463,0.008964804,0.008964804
68.775,25.522654,6,-550.7021881264243,415,147.67846870422363,31033,0.0,2.8337696,0.8332206755876541,6.4718724e-06,1.9931794e-07,1.9931794e-07
69.3,28.703482,6,-535.2877154277269,421,150.18083715438843,31503,0.0,2.8337562,0.5576648414134979,0.0005389418,2.8942823e-06,2.8942823e-06
70.775,28.294958,7,-520.6385471524602,428,152.90325236320496,32026,0.0,2.8338416,0.2341349720954895,7.009506e-08,5.1140784e-08,5.1140784e-08
72.6,28.157766,7,-528.8320939929675,435,156.16191482543945,32531,0.0,2.8337855,0.943722378462553,7.3593856e-06,1.5866756e-07,1.5866756e-07
73.15,29.673473,6,-540.6171222313978,441,159.45261549949646,32963,0.0,2.833771,0.9620717279613018,4.6038627e-07,8.916855e-08,8.916855e-08
72.9,29.477417,7,-523.4050525497441,448,162.43338775634766,33442,0.0,2.8337085,0.9062166959047318,0.0062935036,0.008965538,0.008965538
71.925,26.326065,7,-537.9161856182257,455,165.16011595726013,33910,0.0,2.8333185,0.9868573229759932,2.1978617e-06,2.8181077e-07,2.8181077e-07
72.175,21.212582,6,-554.5565101719762,461,168.19643640518188,34390,0.0,2.829741,0.7274410724639893,0.0012674846,0.0012214751,0.0012214751
69.95,19.34905,8,-570.6792238750955,469,171.15632367134094,34913,0.0,2.828691,0.973625261336565,0.0073011965,0.0075548803,0.0075548803
69.9,17.80946,7,-577.7212529650815,476,174.13604855537415,35409,0.0,2.8244824,0.930785097181797,0.00541312,0.0036278015,0.0036278015
72.4,16.271448,6,-599.0576740039588,482,176.94985175132751,35917,0.0,2.8244166,0.6226323843002319,1.327753e-06,4.467368e-07,4.467368e-07
74.0,16.548878,7,-619.8044828940647,489,180.29039335250854,36458,0.0,2.8243449,0.9609293714165688,0.0078062327,0.00095822144,0.00095822144
73.65,15.508263,7,-619.0505700868213,496,183.53681635856628,36950,0.0,2.8234572,0.8910880535840988,0.008432346,0.0071672983,0.0071672983
73.475,15.771881,6,-610.6569809199299,502,186.7263379096985,37401,0.0,2.8193529,0.657410055398941,0.008370729,0.023874793,0.023874793
73.75,15.285357,8,-614.7244351564043,510,189.84288215637207,37943,0.0,2.8193517,0.7698472738265991,4.0900707e-07,2.822876e-07,2.822876e-07
73.625,18.751245,7,-605.6650321241805,517,192.5975296497345,38429,0.0,2.8192592,0.9517114199697971,0.0021556735,6.0537786e-05,6.0537786e-05
71.725,18.545033,7,-581.2554415052654,524,195.19358348846436,38917,0.0,2.8192499,0.668951541185379,0.008690828,0.015013678,0.015013678
69.1,17.321543,7,-554.9877472542291,531,198.04008269309998,39387,0.0,2.8185427,0.8871640563011169,0.008007324,0.009600785,0.009600785
72.425,24.481318,5,-557.9622289075494,536,200.75775933265686,39847,0.0,2.8184867,0.7524560838937759,2.3162364e-07,6.6280364e-08,6.6280364e-08
72.45,25.71579,7,-540.8175339766142,543,203.29405188560486,40374,0.0,2.8171136,0.7702996581792831,0.0067869555,0.0063757384,0.0063757384
74.95,30.00317,7,-539.0584117756232,550,205.89720559120178,40941,0.0,2.8170679,0.8603040724992752,0.007859953,0.00050865667,0.00050865667
76.275,29.41648,7,-528.8223280055023,557,208.44771122932434,41480,0.0,2.8170724,0.7909756600856781,0.0073377234,0.0024207938,0.0024207938
77.75,31.283625,6,-537.8323063973061,563,211.02743577957153,41942,0.0,2.8173976,0.9809917956590652,3.5809397e-05,5.2551627e-06,5.2551627e-06
76.825,33.293728,8,-526.1336091031571,571,213.6931071281433,42460,0.0,2.817429,0.9625248275697231,1.0126829e-07,6.175041e-08,6.175041e-08
74.9,26.155117,7,-532.8223606119645,578,216.4220712184906,42997,0.0,2.8174644,0.8534788191318512,0.006145399,0.00070259685,0.00070259685
72.5,20.402502,7,-532.095260843094,585,219.54615259170532,43509,0.0,2.8174598,0.8647122085094452,0.0058766995,0.0006236937,0.0006236937
71.3,22.759668,8,-516.4383858614854,593,222.43100261688232,44085,0.0,2.8187869,0.8727433979511261,1.1370182e-06,5.323887e-07,5.323887e-07
72.65,22.515152,6,-535.1713486304477,599,225.07836747169495,44519,0.0,2.8188434,0.5767767429351807,0.008416141,0.008065679,0.008065679
70.925,17.308851,8,-551.1129201198203,607,227.8240303993225,45056,0.0,2.8187811,0.7996492087841034,9.23872e-08,6.103516e-08,6.103516e-08
72.35,17.998957,7,-553.2006528923002,614,231.1752107143402,45592,0.0,2.8187766,0.3201175332069397,0.009944571,0.024455123,0.024455123
74.4,23.944035,6,-565.2892815279205,620,234.207594871521,46119,0.0,2.8181665,0.9545460939407349,1.4781952e-07,2.2411346e-08,2.2411346e-08
74.25,19.167719,7,-601.4782194091697,627,237.2338526248932,46670,0.0,2.8181655,0.632450520992279,0.009014466,0.009733112,0.009733112
80.45,20.561518,5,-692.2064876122279,632,240.29540586471558,47199,0.0,2.8181872,0.9182334765791893,3.456229e-05,1.3017655e-06,1.3017655e-06
79.075,21.28132,7,-679.6443387627438,639,243.10392785072327,47682,0.0,2.8181908,0.9190354198217392,0.009641701,0.011646234,0.011646234
79.65,21.434088,7,-673.3835311213084,646,245.97110033035278,48165,0.0,2.8182237,0.7292311191558838,9.1195105e-08,8.106232e-09,8.106232e-09
77.85,20.717836,8,-645.2185827666806,654,249.13244771957397,48706,0.0,2.8182263,0.4331095218658447,0.007448855,0.004525264,0.004525264
